%YAML:1.0
---
K: !!opencv-matrix
   rows: 3
   cols: 3
   dt: d
   data: [ 9.5148482411754810e+02, 0., 7.3814797964221589e+02, 0.,
       9.2259272965093760e+02, 4.3066222810142534e+02, 0., 0., 1. ]
D: !!opencv-matrix
   rows: 1
   cols: 5
   dt: d
   data: [ -2.0785617123965430e-01, 1.0392139616653786e+00,
       5.8230650500207684e-03, 2.2575919295787745e-02,
       -1.7427478089045643e+00 ]
board_width: 7
board_height: 7
square_size: 27.
Error: 5.2459772534456228e-01
