%YAML:1.0
---
Trans: !!opencv-matrix
   rows: 3
   cols: 1
   dt: d
   data: [ -9.0596531708390486e+01, -5.4692671582509874e+01,
       3.3921458087085659e+02 ]
Rot: !!opencv-matrix
   rows: 3
   cols: 1
   dt: d
   data: [ 1.9706196041833295e+00, 1.9698444618834259e+00,
       -3.0652155236269396e-01 ]
